107
71
140
30
64
107
35
119
120
440
150
100
129
350
108
190
50
228
127
75
158
40
280
161
161
186
119
91
82
79
195
190
46
64
151
145
32
140
137
71
60
129
105
120
150
35
145
999
50
126
109
33
130
180
46
43
118
100
32
75
226
999
169
179
138
89
48
84
100
35
190
39
180
40
19
36
55
127
136
90
120
251
90
60
155
147
96
15
145
498
120
35
65
90
57
150
275
120
198
170
120
226
36
150
150
296
84
145
260
65
60
169
278
80
36
209
71
50
125
55
69
140
129
28
60
129
150
120
100
65
199
35
150
130
100
43
53
68
42
60
239
108
350
320
100
60
165
114
159
320
100
89
133
255
133
350
104
107
130
129
37
133
199
50
150
68
37
40
40
42
50
192
150
350
148
42
50
108
58
71
35
150
112
78
25
174
300
84
119
102
174
46
50
165
30
539
180
109
89
75
150
114
145
251
699
50
80
75
156
71
150
150
136
111
60
115
199
115
136
172
195
55
350
136
180
75
190
230
154
130
120
109
71
199
100
73
169
179
46
174
60
30
100
50
121
119
40
163
140
65
125
130
168
174
47
199
599
71
109
130
168
19
120
30
165
40
475
155
69
154
174
36
289
216
100
150
46
599
97
109
450
199
129
91
199
130
100
190
90
80
115
100
419
80
150
114
35
161
750
251
275
53
65
350
55
50
46
96
400
65
150
148
100
129
220
80
53
199
186
251
125
180
68
150
60
150
195
138
79
80
46
170
40
109
246
71
64
251
72
120
275
100
80
133
148
129
30
150
100
40
129
78
75
109
354
624
998
60
90
155
999
150
114
150
190
19
75
90
165
60
345
109
90
150
28
220
140
249
89
130
80
109
145
999
84
239
150
91
300
125
84
43
48
109
325
181
109
179
50
100
199
71
950
100
50
69
186
239
487
48
295
349
174
50
150
264
109
35
179
65
97
46
71
100
96
71
161
130
40
132
138
100
46
199
24
300
108
47
166
71
60
132
199
170
235
100
100
176
30
161
108
115
109
46
145
57
280
83
245
170
84
48
174
145
226
220
285
71
150
150
75
100
251
100
90
96
251
140
80
251
64
84
161
300
999
239
165
174
120
215
251
150
129
115
71
100
179
137
50
89
50
79
137
55
40
100
100
190
114
156
90
65
190
186
62
51
170
168
50
65
154
120
65
100
197
43
115
120
21
80
350
65
71
119
71
195
150
161
44
145
190
28
130
161
199
186
148
120
65
80
89
127
118
150
93
50
390
242
269
123
100
375
180
199
140
84
46
40
46
180
150
78
100
40
50
50
155
275
156
295
109
300
39
40
62
130
114
226
129
32
140
170
46
210
82
100
379
91
82
72
400
239
40
500
80
80
239
93
40
599
46
108
120
48
76
599
35
115
14
450
100
150
975
60
161
145
65
64
132
580
80
65
260
120
48
125
118
71
116
22
100
161
161
155
50
80
161
78
140
400
60
251
219
159
75
154
68
138
53
96
80
35
60
320
288
86
55
96
150
198
140
166
71
65
28
156
40
145
130
148
40
289
60
400
136
251
84
299
100
220
145
251
61
195
151
180
270
100
498
50
159
75
130
150
68
105
89
120
220
174
170
22
184
89
140
109
141
150
71
48
251
96
100
145
28
48
84
50
251
60
64
169
150
379
150
180
40
156
39
199
125
109
60
90
190
96
199
104
136
79
80
82
251
165
224
90
120
105
30
43
125
138
40
161
156
174
122
112
65
50
190
37
138
136
100
390
98
69
84
80
163
48
97
55
150
100
80
30
60
55
199
300
55
226
280
48
71
65
999
96
129
80
65
651
180
120
127
251
148
109
54
249
118
97
186
150
50
84
105
50
109
65
255
71
100
40
125
100
161
60
55
71
100
73
30
170
100
96
65
125
179
244
130
221
55
71
150
119
60
100
100
60
140
127
150
90
138
84
199
140
65
105
96
127
68
129
177
400
79
50
32
100
36
239
105
89
400
148
170
145
136
55
40
84
96
180
120
187
140
80
83
71
205
159
80
57
107
35
251
65
84
129
84
47
78
90
100
75
177
46
118
25
82
130
53
50
270
125
141
80
84
165
120
120
385
199
168
100
35
109
485
40
179
145
46
219
40
114
289
71
98
39
127
60
60
119
30
450
60
100
199
80
195
109
71
84
140
80
120
50
251
150
125
129
47
251
35
165
299
299
174
120
159
163
80
75
30
58
50
80
80
174
199
60
138
230
415
150
264
168
190
40
208
100
215
55
145
136
190
40
390
174
349
188
180
161
159
37
145
39
40
120
90
120
53
275
150
55
37
60
210
25
79
125
150
43
96
46
60
89
150
100
150
50
168
55
270
119
75
161
145
90
105
65
140
109
230
230
37
500
170
89
107
90
100
350
170
130
199
24
68
125
195
248
71
125
174
130
360
90
170
245
188
165
80
109
105
37
96
90
199
98
100
46
300
251
190
65
163
130
75
80
80
130
130
169
188
75
226
55
126
210
120
125
37
219
100
100
109
60
120
174
90
46
150
136
50
199
75
89
100
136
80
239
29
159
125
300
55
190
60
127
46
150
100
46
105
107
1501
125
80
71
72
44
169
75
379
115
71
55
89
130
60
109
161
590
275
105
179
165
145
295
249
69
125
89
125
60
90
230
159
174
60
150
65
40
118
180
109
180
150
129
1150
120
161
186
109
107
145
30
93
145
60
161
599
999
150
190
400
35
40
130
199
102
249
130
281
300
96
100
80
96
138
138
43
42
108
35
71
280
400
80
48
125
180
215
375
109
155
150
54
71
145
165
174
80
53
136
60
105
25
50
105
51
130
35
159
174
129
101
210
145
141
37
147
65
123
109
599
119
90
109
138
120
125
125
105
30
119
89
700
109
89
46
50
180
109
289
195
455
71
28
371
174
119
50
120
46
60
105
174
60
159
129
140
180
115
100
25
89
50
82
71
179
120
58
89
90
419
50
379
100
109
40
289
100
64
69
84
180
79
79
40
125
55
35
64
130
230
30
100
150
115
199
186
89
199
199
60
65
251
35
75
105
46
100
84
25
125
161
28
199
100
65
125
30
169
50
72
140
80
140
170
130
130
62
78
19
109
30
180
55
280
26
84
51
198
55
96
24
109
96
498
35
199
80
73
129
109
115
168
60
111
120
150
115
179
40
50
80
73
180
680
100
96
80
100
615
150
136
136
90
115
325
35
300
75
130
109
50
140
2007
35
150
140
71
55
343
68
217
136
71
180
190
42
90
65
100
152
180
84
130
100
120
186
60
58
120
109
35
40
150
84
100
136
71
75
69
89
125
248
46
259
298
120
89
100
84
174
75
161
395
100
180
156
100
90
140
310
50
35
120
30
180
119
84
35
71
100
150
80
169
150
69
120
30
262
125
84
89
61
55
140
78
100
155
219
898
43
161
195
150
90
90
60
850
35
115
50
199
80
50
50
65
133
210
140
64
186
71
140
98
100
143
65
54
246
1501
150
50
73
35
36
130
159
40
145
150
50
69
100
58
96
94
199
100
65
60
80
174
30
251
161
199
120
136
155
100
500
100
165
210
195
129
100
199
105
96
230
295
260
140
150
91
199
100
90
209
145
136
109
195
400
116
107
46
251
96
66
100
180
450
100
40
130
199
150
25
127
136
136
180
57
134
100
118
82
114
199
71
54
66
150
120
33
82
148
264
46
100
50
50
40
50
235
60
84
136
165
46
30
300
118
140
127
98
150
860
64
50
210
130
127
40
169
43
226
365
120
155
40
174
235
195
100
100
130
96
40
40
90
42
161
130
91
136
145
375
174
300
109
120
119
60
105
112
199
190
190
89
595
50
26
35
40
55
462
115
119
186
125
138
73
140
50
97
100
150
220
109
71
105
98
145
115
132
84
60
215
180
220
140
69
105
101
100
60
190
230
55
800
40
80
480
150
71
71
55
130
80
50
100
61
199
90
60
80
125
80
2500
138
150
46
115
91
125
75
69
30
90
385
120
90
50
170
133
46
35
299
199
150
195
464
125
96
112
138
75
93
25
129
500
42
82
999
140
98
120
50
130
75
50
84
29
90
40
69
30
158
151
50
168
71
275
320
83
280
145
145
174
28
599
48
53
60
100
199
105
320
130
130
120
120
118
75
108
71
55
120
40
251
79
195
100
75
46
98
170
159
60
220
165
39
119
98
450
50
779
100
180
599
120
80
179
65
71
80
140
100
140
57
190
199
125
84
289
35
96
84
120
48
150
115
100
999
150
159
410
361
39
115
136
209
82
40
64
179
30
90
165
249
47
651
100
100
199
125
230
80
69
46
25
78
58
72
84
114
46
190
100
120
120
115
105
65
60
136
40
35
100
80
60
120
150
50
40
190
162
339
98
94
73
159
79
55
125
150
80
995
50
111
1383
71
168
136
195
651
140
75
60
169
280
161
90
90
120
138
270
50
150
100
84
90
109
82
500
100
140
100
130
96
129
198
150
190
138
50
50
35
96
186
120
390
120
35
46
335
150
61
120
55
100
60
161
119
46
50
50
48
145
90
280
161
30
60
161
75
30
158
450
80
144
93
150
120
226
174
127
500
100
550
75
39
100
119
90
84
71
73
399
174
109
65
50
108
46
179
50
50
148
136
35
90
65
50
150
71
83
48
108
91
35
400
120
30
165
120
40
500
46
60
100
100
40
176
119
80
50
186
228
176
150
165
100
57
151
66
46
235
199
140
168
60
150
150
251
55
71
188
107
136
35
69
155
122
65
75
136
80
299
100
71
89
71
68
129
58
220
120
140
130
199
168
226
190
199
73
32
89
19
114
125
159
71
293
80
35
186
100
251
130
810
109
48
195
999
65
69
249
140
60
46
140
46
89
60
205
251
169
75
40
89
140
129
375
75
299
235
350
125
226
82
66
119
165
210
48
125
329
299
147
170
127
69
190
93
48
48
130
165
150
61
138
210
100
140
91
48
161
100
30
159
300
130
66
100
100
138
151
80
109
500
50
127
65
48
550
120
275
53
150
168
89
186
65
120
220
130
60
210
120
180
150
55
46
174
75
80
595
190
109
161
500
69
239
90
75
150
165
69
40
180
100
145
46
21
170
50
116
150
100
136
161
100
129
109
100
108
26
150
138
115
30
300
65
259
90
161
29
105
136
47
76
84
22
84
79
60
120
190
60
130
300
280
98
25
180
150
251
30
97
140
210
134
64
395
136
71
150
700
119
440
590
71
100
300
60
46
84
50
46
96
150
25
180
220
165
138
169
98
104
295
140
35
251
80
329
130
125
55
150
71
68
87
102
385
73
35
419
180
120
169
187
161
120
130
300
460
75
50
130
251
48
66
151
170
300
60
170
100
120
199
42
150
40
150
242
241
111
75
104
40
150
71
170
192
46
96
60
278
145
109
71
170
100
90
199
119
104
100
260
161
199
186
100
150
161
90
109
60
75
43
46
79
47
220
40
96
150
100
40
150
100
109
82
180
71
37
150
199
226
108
80
150
90
109
64
188
75
30
90
30
134
47
400
150
199
80
71
133
32
170
161
299
60
100
137
98
62
215
170
83
109
145
150
60
180
109
90
100
220
100
341
65
40
66
144
170
150
195
100
186
100
120
180
280
208
48
199
100
32
875
145
122
50
150
172
251
50
251
50
127
180
80
50
60
80
50
732
68
170
140
36
84
65
60
109
98
30
50
76
105
69
71
60
534
80
296
91
138
80
145
46
111
799
127
125
119
73
150
235
136
150
127
47
100
96
239
118
180
46
75
50
190
220
30
119
55
161
96
166
125
180
260
130
130
75
80
145
220
125
300
126
71
80
316
174
180
48
199
125
50
30
25
50
100
138
119
46
129
180
156
220
75
395
55
48
30
599
30
55
300
79
84
307
75
289
89
150
168
239
89
79
145
138
140
48
350
180
199
37
183
60
86
251
53
90
500
109
150
140
140
30
140
127
122
419
140
159
120
100
91
138
999
91
539
143
174
120
127
109
150
199
71
36
109
108
130
60
140
35
199
130
84
180
150
101
78
199
295
130
71
108
91
100
80
180
155
180
190
120
150
220
138
150
82
270
48
79
40
100
109
140
317
109
150
100
75
249
140
50
93
280
115
42
97
46
90
150
40
29
130
71
100
289
90
79
136
100
194
109
138
65
161
60
79
138
84
94
150
46
60
50
100
140
84
50
379
50
1881
71
54
97
150
199
138
46
159
54
80
60
199
48
109
150
316
210
129
62
109
209
35
84
79
50
165
90
150
60
115
115
130
120
125
107
62
150
79
71
37
195
169
105
108
90
90
1771
80
125
84
75
100
186
251
60
66
305
150
65
100
96
100
35
50
168
60
140
299
89
161
230
395
42
154
130
80
161
180
60
46
130
136
161
203
400
120
130
79
150
36
100
154
24
174
221
90
60
150
68
50
129
90
48
109
50
150
73
138
169
58
32
100
140
65
174
79
36
350
203
96
47
130
295
150
61
80
30
150
80
155
150
132
165
249
75
50
130
180
30
55
79
60
275
219
350
116
75
150
109
96
155
60
161
79
79
180
129
50
190
165
159
199
71
50
115
350
46
168
100
50
19
599
179
109
220
90
116
118
136
100
257
140
120
150
161
296
120
109
120
50
100
140
109
69
65
219
280
114
199
251
93
120
419
119
145
79
71
72
80
130
123
55
170
150
78
98
299
165
91
150
360
210
354
586
800
30
120
48
100
219
125
350
120
96
60
120
275
180
141
120
30
111
125
150
138
53
100
140
53
60
251
120
199
50
118
161
220
150
80
132
280
280
360
150
210
125
112
55
46
186
109
350
154
136
65
54
174
75
251
37
169
50
69
80
100
48
109
105
50
42
180
150
118
96
75
343
36
100
83
60
30
69
82
130
129
40
169
168
97
80
195
30
105
260
165
180
127
166
112
69
163
299
195
51
136
168
46
109
161
260
98
112
251
460
98
155
50
109
83
58
90
180
180
109
199
80
120
75
161
96
50
199
165
199
84
78
199
130
360
90
123
136
168
53
239
174
80
120
138
168
46
199
68
120
112
174
249
100
525
145
60
75
46
159
65
69
78
287
112
138
120
71
125
46
96
155
180
197
120
89
55
120
251
50
91
71
120
100
115
84
80
613
150
84
399
114
68
455
19
161
80
199
101
120
127
180
400
108
880
104
71
66
37
138
69
40
180
199
50
65
35
140
46
112
57
71
35
71
190
65
138
55
25
251
75
48
120
180
82
234
126
89
100
84
60
60
108
141
155
599
84
120
46
161
169
55
19
155
68
80
179
55
190
48
217
100
375
190
109
180
295
39
35
145
129
375
90
651
50
60
249
251
24
130
192
199
43
90
190
90
69
174
496
143
65
150
150
55
30
145
400
51
84
60
150
89
19
100
80
100
53
80
50
35
145
78
60
14
53
19
89
305
100
39
80
40
179
145
183
66
165
50
58
275
83
40
159
93
60
60
120
80
169
25
43
357
65
199
100
80
291
89
120
136
71
220
150
35
209
100
180
599
80
69
73
170
251
28
186
82
190
199
140
210
50
98
71
89
245
170
190
161
145
125
335
192
199
206
150
140
136
251
46
58
60
82
125
800
285
127
50
120
69
145
249
33
210
39
150
169
60
100
999
100
40
50
100
136
55
83
190
90
349
61
97
120
48
260
130
102
280
136
75
161
50
100
109
40
46
100
125
179
37
150
98
46
875
129
68
55
309
299
71
109
108
275
183
148
173
69
48
148
50
48
680
40
109
140
96
39
199
140
199
109
50
43
217
150
300
120
96
150
150
651
115
58
170
120
84
199
109
71
285
90
75
900
55
71
40
120
199
48
53
109
90
251
120
82
180
79
37
165
120
18
498
118
150
100
2306
170
25
109
91
251
90
79
119
115
169
39
100
120
30
130
496
46
46
43
148
199
109
174
251
46
169
46
114
35
150
44
84
65
39
48
129
346
109
100
390
140
30
55
260
280
71
75
100
136
71
140
161
68
109
65
195
114
35
138
220
75
199
172
339
115
40
120
165
161
84
115
73
300
2000
379
100
80
400
269
26
109
267
80
119
75
73
40
190
50
155
96
500
195
180
108
91
145
180
169
60
145
46
112
530
46
100
295
71
100
379
177
138
289
96
46
150
180
120
100
150
190
80
87
174
150
68
109
120
325
50
186
69
82
46
54
96
109
150
120
66
78
136
259
120
50
165
125
65
83
118
1384
195
90
190
115
324
130
197
239
33
100
161
599
50
53
46
64
300
350
109
599
119
46
132
46
109
35
180
40
138
30
40
345
190
136
166
80
40
82
435
233
71
122
100
150
75
35
65
132
90
102
140
1999
75
90
199
199
96
68
40
169
71
60
109
35
96
109
195
50
98
125
109
140
55
136
60
199
159
50
109
100
30
132
50
43
127
136
43
72
65
25
71
120
450
69
75
130
170
22
90
26
29
299
40
129
399
120
129
251
170
108
115
46
40
699
100
129
100
120
115
148
280
55
150
239
40
30
80
79
138
90
180
30
90
140
65
190
132
522
150
71
19
169
159
30
60
140
79
100
80
100
76
300
150
84
71
285
75
150
251
75
71
60
150
150
251
40
90
108
71
28
50
120
130
147
120
100
295
235
318
65
119
138
180
96
150
599
120
390
202
105
46
158
68
130
100
498
84
109
199
75
100
80
138
188
53
71
130
79
115
338
277
195
199
120
80
51
35
136
199
190
390
93
80
47
100
60
170
145
102
156
199
529
64
50
165
60
199
46
71
80
100
197
46
98
86
129
73
71
75
129
120
150
84
120
138
24
55
50
140
71
156
65
75
165
118
158
199
60
46
71
199
230
100
89
150
90
150
1501
120
140
62
190
127
48
251
660
173
65
120
100
120
100
199
58
89
186
498
111
154
100
80
112
172
154
245
75
270
29
150
266
80
400
111
93
127
159
120
150
62
46
165
100
226
251
100
40
150
30
179
143
130
150
700
55
400
150
140
120
90
215
130
354
190
32
251
138
195
96
187
120
65
174
46
100
50
429
150
98
190
325
79
109
50
50
60
150
80
100
90
40
71
96
275
90
60
89
75
50
71
78
100
120
105
136
118
65
90
174
166
329
320
300
199
75
33
102
129
450
55
215
25
150
399
84
40
130
170
119
120
169
84
350
68
169
173
35
89
44
112
60
120
96
210
150
130
161
246
40
161
89
100
50
115
96
129
165
101
150
104
58
138
84
161
47
79
100
60
125
120
40
65
80
120
335
130
84
199
180
114
60
65
251
40
79
166
129
148
266
55
96
150
100
120
170
130
30
180
25
91
226
35
40
80
237
96
125
68
100
125
145
165
300
100
150
33
75
127
251
161
118
97
50
93
37
264
169
143
53
46
109
500
46
46
199
166
155
32
112
159
90
60
150
150
33
161
47
90
35
165
109
350
102
154
50
130
96
500
71
109
53
156
111
150
35
199
105
150
150
71
55
190
120
109
136
300
136
55
100
120
104
140
180
40
115
48
174
195
199
190
161
100
46
176
50
237
300
96
36
115
199
120
80
46
50
166
42
379
199
180
125
246
289
138
130
84
47
68
136
145
163
50
119
100
100
165
199
100
50
161
194
100
116
161
400
127
129
169
150
174
199
57
94
80
60
145
30
174
120
100
102
69
100
65
40
230
119
50
79
109
150
224
140
109
598
108
109
120
400
89
40
50
125
180
300
40
300
180
75
136
143
127
140
28
75
174
119
22
152
280
120
100
46
750
170
161
410
251
155
199
109
44
114
75
199
33
145
305
75
40
300
75
349
350
75
60
40
100
25
119
62
55
75
350
119
109
73
79
170
111
199
64
75
40
42
69
900
112
379
75
180
100
190
107
40
150
159
46
161
25
60
60
136
37
140
233
295
174
350
159
245
84
55
109
251
109
60
419
105
100
71
199
37
50
80
119
60
50
136
35
71
105
80
161
60
280
69
48
199
100
50
108
119
65
100
174
136
98
114
251
270
62
180
195
50
65
90
180
102
145
60
140
233
90
161
25
46
260
25
98
100
130
80
68
280
37
82
125
46
285
195
80
75
199
130
120
186
60
75
150
249
192
84
190
55
78
199
239
180
155
170
161
47
199
68
150
150
75
87
186
165
310
120
145
79
199
186
170
104
100
120
55
46
100
155
129
50
150
130
129
2500
120
220
251
84
700
89
60
289
80
50
138
130
129
32
25
68
100
109
29
69
199
179
40
109
55
130
66
119
138
96
120
100
100
2000
71
109
120
55
375
89
145
79
89
60
60
35
109
51
161
299
150
138
71
75
136
235
75
395
100
150
180
37
125
120
118
65
40
28
259
50
104
58
100
186
40
96
75
46
114
129
62
80
174
109
130
199
419
100
96
199
138
50
94
65
79
65
145
84
150
71
86
300
158
300
130
108
94
100
400
226
165
262
150
60
90
345
375
114
318
100
130
239
150
166
136
230
100
150
720
40
199
71
550
40
50
80
115
206
80
33
46
145
40
109
120
179
79
53
120
119
159
115
165
90
120
251
599
55
30
130
55
55
109
145
43
125
120
80
169
150
396
172
71
251
125
68
184
199
181
109
107
390
385
98
140
80
150
100
100
130
125
590
50
180
188
161
100
55
96
158
180
130
180
60
350
43
120
51
120
90
161
299
180
100
90
75
96
350
174
42
79
295
150
120
65
122
119
170
100
299
169
60
159
299
138
199
496
82
100
145
115
228
42
86
39
80
150
144
150
102
100
140
170
163
69
161
163
180
150
90
251
180
50
80
60
159
132
275
35
60
109
75
50
25
155
176
46
191
120
89
109
226
87
32
251
60
33
300
60
30
1023
40
350
136
235
251
180
30
50
60
80
140
130
152
60
115
138
112
36
190
32
71
40
150
55
350
80
102
65
228
25
357
115
68
96
154
399
76
75
136
140
748
199
498
125
35
58
741
109
65
289
46
75
68
190
169
245
107
120
48
130
120
174
60
169
120
46
205
84
90
83
80
96
55
155
120
60
190
125
400
199
239
100
25
30
186
53
19
995
350
48
138
46
39
325
170
184
500
25
120
228
40
251
71
90
127
105
65
64
302
82
32
43
72
230
195
43
71
100
114
120
40
40
35
55
80
55
84
150
251
71
90
251
260
115
48
350
150
69
112
406
100
100
60
75
199
80
140
75
375
174
129
100
55
100
75
90
105
150
53
80
161
379
190
800
50
50
365
161
35
71
150
40
89
91
48
37
119
96
33
109
68
485
419
140
43
65
100
53
60
350
150
50
42
210
100
249
84
150
100
245
55
187
75
68
145
140
102
84
285
127
55
181
350
111
100
40
35
37
150
80
300
91
350
180
84
179
199
575
251
60
89
100
161
47
354
98
199
29
299
90
115
75
89
60
84
80
100
75
144
300
43
599
475
136
90
100
35
300
950
42
55
50
84
84
53
60
267
150
30
89
80
98
158
109
480
118
58
105
60
65
199
57
108
89
140
40
400
161
230
138
186
289
145
39
109
51
50
119
100
165
60
62
109
179
46
43
199
46
154
220
109
30
220
450
100
84
104
165
138
80
55
130
127
65
46
86
116
46
136
199
226
999
120
190
80
450
130
161
152
60
138
80
22
60
71
91
50
120
90
100
75
109
150
100
71
165
145
19
188
400
150
64
98
64
327
379
84
48
91
199
96
50
40
120
316
251
195
245
230
199
170
80
89
79
55
480
80
400
109
80
150
299
180
119
199
136
100
180
82
55
50
115
174
65
79
800
138
136
80
50
96
62
33
60
220
60
275
32
190
130
150
60
170
42
186
180
166
199
87
60
140
101
180
280
28
109
100
199
40
300
140
48
199
71
289
47
107
199
118
43
46
60
115
125
65
111
82
180
111
80
159
19
300
75
89
150
166
199
120
220
115
71
66
230
155
120
109
71
195
199
50
90
109
80
111
150
25
299
50
100
60
109
55
46
89
109
199
112
130
750
100
68
136
80
800
161
35
96
264
78
130
251
84
220
150
64
64
72
251
80
120
100
251
120
100
75
410
150
65
170
65
132
145
100
188
43
71
105
251
28
96
100
120
275
150
55
127
46
120
251
25
71
120
199
90
46
109
820
119
75
235
66
90
71
599
25
109
120
112
586
89
320
700
190
37
98
108
40
75
130
29
114
100
251
112
50
168
190
105
100
100
91
100
140
82
127
35
115
150
475
69
145
599
29
130
119
137
87
219
120
130
129
40
161
150
138
90
100
1501
73
150
40
65
100
163
239
71
120
136
550
129
96
75
310
199
127
60
71
71
28
203
43
100
130
138
100
105
100
120
174
42
285
102
195
90
75
96
90
120
372
68
140
75
120
150
599
55
539
275
345
80
100
184
179
75
60
500
136
148
55
50
150
79
180
90
40
71
66
241
90
150
78
39
168
100
37
120
109
90
48
90
109
168
350
133
55
136
111
50
55
199
30
109
55
55
71
65
90
90
199
123
40
89
219
599
199
75
28
100
120
60
100
55
60
280
50
40
150
174
50
100
84
53
140
69
46
129
84
75
199
270
865
80
375
199
120
140
155
215
46
406
64
100
136
55
219
80
50
251
66
90
109
129
50
100
150
180
399
133
42
208
136
198
100
599
199
199
35
75
60
72
35
98
30
75
120
115
350
109
199
78
84
91
91
179
75
100
53
65
320
180
43
97
65
71
80
127
278
65
325
199
150
105
500
60
127
100
60
50
180
181
50
109
145
118
43
57
415
71
166
170
150
46
599
100
109
120
180
80
150
90
132
275
150
37
109
71
84
55
109
198
97
46
180
136
174
136
145
168
89
145
1737
46
199
105
55
50
280
595
96
71
251
138
96
120
105
55
195
148
161
130
30
150
120
235
145
159
251
150
251
75
150
100
205
98
12
71
132
50
54
115
260
125
84
96
109
221
55
35
120
205
599
138
48
107
90
138
120
251
42
50
78
150
84
179
197
40
112
96
125
72
96
90
98
42
385
46
100
115
226
260
78
80
71
80
89
190
277
60
71
161
158
400
89
120
190
46
50
119
40
65
138
30
84
120
140
120
40
89
300
80
96
120
198
134
50
72
62
190
165
194
150
1999
219
115
170
150
210
105
62
69
169
80
150
105
179
50
339
210
251
2000
109
489
100
84
138
140
72
100
120
80
116
199
19
209
138
90
100
42
130
80
161
120
84
50
136
109
129
60
114
19
156
55
100
150
419
400
300
28
140
84
118
89
80
199
71
199
50
190
40
69
120
161
66
40
190
154
140
47
206
129
91
115
66
150
60
130
48
57
46
251
610
140
140
60
80
60
39
39
230
82
109
115
100
60
750
150
89
249
50
251
228
150
180
125
109
130
150
170
125
50
186
75
228
145
161
169
80
136
84
105
130
325
40
30
65
199
96
60
80
120
130
251
108
60
199
60
65
30
271
188
65
170
100
251
150
80
84
65
35
199
90
255
161
55
100
60
46
30
399
50
65
350
125
90
174
169
100
53
521
24
226
130
120
100
130
145
280
64
90
71
199
89
53
595
190
190
238
100
55
161
137
181
90
96
187
71
71
155
186
161
190
120
120
186
130
65
47
165
450
127
109
239
251
100
46
136
80
94
100
251
180
100
96
47
84
65
130
220
201
71
127
170
79
435
280
269
199
180
55
133
50
100
239
37
96
120
100
150
161
60
55
118
102
145
120
40
145
120
100
179
65
71
159
75
203
80
39
35
145
25
84
150
42
50
155
140
120
406
210
1383
109
71
161
120
100
84
161
132
60
161
42
105
40
84
25
40
50
109
127
179
156
60
251
46
379
96
195
100
161
89
220
180
39
100
138
140
100
199
84
199
280
118
90
161
360
73
50
125
84
100
62
111
44
148
80
230
132
100
79
400
90
25
144
195
138
255
230
28
120
42
71
115
43
109
180
80
100
96
80
262
159
90
150
40
132
119
57
68
84
800
161
57
71
251
50
57
96
100
161
289
75
115
30
190
46
96
82
84
174
53
140
105
205
55
120
109
80
120
226
115
1501
251
150
170
120
155
50
40
96
25
25
500
400
62
300
120
33
68
174
1101
71
127
399
248
109
199
129
80
90
125
120
43
105
550
64
68
199
71
150
220
210
745
100
118
84
75
325
138
186
66
199
145
148
370
150
42
155
118
75
80
43
109
100
50
161
169
136
220
75
55
68
65
53
89
28
104
168
120
91
180
118
100
100
195
136
251
174
199
84
90
60
100
58
199
800
60
53
251
205
220
25
251
98
154
150
98
180
148
198
109
180
120
60
65
48
180
199
199
140
35
260
37
125
115
119
90
73
226
115
37
80
170
80
150
140
125
148
100
180
100
500
150
71
100
109
120
138
46
429
100
119
42
43
35
350
94
39
170
75
100
159
65
220
120
100
100
71
120
120
55
75
90
199
180
120
60
300
174
221
40
120
129
105
115
94
48
169
90
79
159
545
127
136
150
55
251
68
251
1304
130
84
75
46
66
239
109
71
43
109
90
226
115
96
100
97
35
40
55
39
46
68
419
186
132
251
55
115
188
75
75
72
35
87
75
150
188
100
252
80
40
125
104
161
120
120
42
155
180
46
73
220
180
300
109
79
119
79
126
145
87
75
14
60
80
150
120
46
108
109
136
100
220
100
68
80
237
75
89
300
239
93
140
75
850
130
169
50
35
120
799
84
120
138
105
150
220
904
96
120
120
100
169
12
444
500
50
102
100
329
130
75
123
60
35
46
40
40
100
100
100
199
90
80
199
1015
80
180
125
150
75
120
71
30
127
628
180
159
55
100
89
199
84
71
50
209
46
60
68
169
120
199
264
145
199
55
325
84
186
150
48
50
65
109
161
78
183
145
424
120
245
190
138
60
48
50
161
100
100
183
795
129
71
107
79
40
84
71
163
165
419
148
170
130
410
90
71
150
120
155
150
25
161
50
115
325
180
379
37
150
55
94
109
55
280
150
55
72
161
646
100
150
169
71
143
530
50
209
69
39
190
179
140
295
129
78
98
65
109
25
150
55
950
145
500
71
100
55
75
90
35
186
35
155
180
116
161
50
199
226
150
87
145
105
89
71
112
165
190
40
29
295
96
66
50
89
150
119
111
120
60
90
540
80
179
199
130
48
109
80
226
75
352
150
141
55
105
80
105
496
100
60
55
498
158
60
119
29
65
220
57
40
40
80
100
285
133
68
130
100
163
60
50
71
169
251
161
75
339
205
173
136
109
50
39
50
540
80
60
35
235
89
109
179
161
140
341
120
145
127
73
130
46
130
100
120
199
176
109
550
150
112
275
71
40
195
186
100
98
60
400
251
30
65
120
127
161
84
79
108
277
55
345
90
60
75
54
91
48
60
137
75
150
100
46
150
100
127
80
300
50
65
50
125
120
130
90
150
239
37
190
174
60
115
96
46
120
60
120
147
300
80
395
300
71
220
66
599
80
155
199
84
100
60
30
161
119
450
50
226
12624
133
73
120
125
71
30
75
96
125
400
100
64
115
150
280
36
65
150
280
100
120
47
120
180
136
138
50
75
50
58
220
50
100
220
90
50
109
249
130
96
48
141
46
35
98
50
161
295
190
145
300
300
84
676
109
280
150
84
161
96
251
33
84
69
109
150
251
190
400
140
78
40
100
90
125
111
136
179
190
239
80
35
21
140
46
105
150
65
89
69
100
104
120
145
150
115
199
100
100
100
190
120
140
180
66
80
40
53
48
55
90
46
80
118
140
84
140
100
60
71
174
140
133
138
251
1335
119
280
109
120
40
24
220
46
199
60
143
80
120
300
136
120
400
136
90
80
293
100
55
143
144
140
60
46
71
100
118
55
35
115
102
119
500
39
115
65
75
109
90
100
127
71
84
66
199
100
102
161
255
96
130
144
100
132
150
174
100
138
100
109
220
449
130
130
249
251
251
44
130
55
195
120
239
58
100
71
96
33
71
30
115
55
143
64
47
136
251
169
170
140
87
100
69
190
84
40
251
46
30
150
269
159
109
275
53
190
280
150
251
251
150
245
168
150
109
180
199
168
199
120
50
280
75
354
132
55
50
109
779
148
199
96
174
170
169
385
96
119
136
168
119
48
251
46
496
100
100
84
82
150
55
119
94
109
60
84
130
120
228
119
156
68
199
119
550
210
90
141
174
53
50
350
61
35
105
163
89
61
125
199
101
65
400
46
80
50
145
120
136
120
143
150
78
400
78
341
249
75
109
50
91
30
125
161
145
105
46
148
170
150
40
190
60
166
116
338
150
145
75
96
100
55
50
350
199
120
260
138
498
125
251
84
130
91
75
108
800
50
60
460
379
109
180
400
112
161
104
114
289
30
199
46
120
900
51
150
161
115
148
89
80
138
140
19
40
150
48
100
96
100
115
53
145
150
165
251
50
97
370
46
100
68
96
66
109
338
60
278
84
186
145
199
105
100
69
78
345
120
168
170
119
105
24
116
130
230
138
71
115
129
179
120
40
140
100
133
216
300
39
140
100
199
39
105
36
130
159
40
50
280
57
195
91
350
350
199
46
120
57
249
39
40
174
166
425
159
60
53
100
125
260
219
80
82
57
141
46
165
30
55
80
60
174
186
75
215
66
46
46
379
60
80
25
199
169
84
57
159
199
125
125
138
46
98
148
39
251
71
180
50
90
239
102
75
40
150
140
50
100
875
150
80
302
199
120
161
145
119
35
68
174
138
50
105
419
136
170
174
150
245
161
130
150
120
55
174
28
58
71
98
138
100
148
239
180
397
40
40
37
93
65
78
159
46
119
190
54
60
132
84
599
375
120
130
400
161
60
42
190
140
105
37
50
150
57
169
150
71
80
50
109
156
89
71
143
251
50
53
46
100
93
60
186
150
127
40
129
277
42
150
80
71
28
96
50
71
109
73
999
43
198
37
84
264
169
130
220
122
150
35
125
125
58
75
155
30
90
120
109
40
264
71
129
100
98
90
115
130
80
179
150
84
249
89
179
180
96
112
140
150
154
120
71
375
50
109
181
105
79
71
155
120
158
260
53
75
71
100
26
100
55
40
119
195
239
29
199
32
264
100
395
161
140
36
145
190
21
150
75
42
40
60
599
190
251
228
260
109
58
190
107
69
102
161
100
190
50
161
227
75
96
350
251
32
309
36
40
150
60
60
119
155
73
505
40
30
100
84
60
274
50
60
299
359
71
69
84
90
138
100
46
71
251
32
109
78
112
65
46
126
651
251
50
136
220
86
145
87
62
40
64
179
299
78
46
136
134
120
100
40
25
100
127
180
40
33
39
115
590
120
80
138
120
169
251
35
40
209
138
50
40
599
150
90
350
100
60
46
80
105
60
91
109
150
120
100
251
239
100
174
40
100
136
300
136
100
55
226
55
91
69
140
144
107
195
130
199
100
161
60
80
150
100
119
158
150
84
390
150
140
136
96
120
150
42
123
89
170
58
129
180
91
65
190
115
68
217
80
169
75
136
379
145
140
18
25
118
39
205
84
280
119
109
165
145
89
71
136
166
96
60
120
89
50
50
249
100
90
100
125
165
66
125
245
80
40
100
90
102
169
180
140
125
75
90
285
129
119
98
40
105
498
60
129
90
69
129
71
120
199
599
96
76
150
140
150
205
140
71
80
100
40
140
163
35
105
66
150
65
90
100
109
53
80
71
50
138
199
55
40
109
251
90
82
400
186
100
210
136
30
90
136
300
25
700
190
25
35
100
39
209
57
450
129
57
60
150
68
100
130
396
80
186
96
199
86
58
197
161
50
39
119
98
60
275
84
280
35
30
68
60
80
69
205
39
37
69
58
109
161
130
179
288
48
239
72
114
120
96
123
96
498
140
90
96
179
190
280
174
444
100
100
90
100
125
186
75
100
100
298
80
37
460
145
700
32
50
75
170
125
130
100
60
35
80
100
60
173
58
48
150
84
999
90
143
195
239
71
51
147
115
30
174
50
100
150
50
109
100
140
119
120
90
118
190
90
180
550
120
73
170
96
140
50
47
90
115
100
550
80
195
500
80
119
100
150
100
25
215
89
256
136
289
109
30
50
60
35
73
71
179
100
165
129
71
55
270
150
46
62
150
379
150
138
100
289
48
150
46
132
78
100
120
140
154
71
150
37
65
120
48
90
80
50
65
119
100
119
174
199
96
80
40
100
46
80
496
190
96
64
55
30
109
181
109
285
60
138
50
180
105
40
133
100
138
209
109
190
300
298
150
150
100
96
246
239
55
155
35
127
195
599
89
65
150
40
129
233
150
205
109
815
93
86
90
65
169
150
918
69
36
35
109
90
43
130
208
239
350
115
79
138
120
325
118
150
105
46
80
293
46
60
69
71
43
129
120
490
65
71
860
120
75
37
199
60
136
35
180
329
80
100
64
100
69
65
109
179
71
47
89
129
199
80
129
96
40
199
120
50
130
125
186
96
198
180
130
109
395
50
100
96
274
186
84
134
145
50
136
799
66
136
115
100
57
50
71
36
89
39
179
60
148
66
130
55
230
105
174
90
170
109
190
96
141
71
199
43
130
449
100
109
170
100
80
180
161
120
60
60
30
28
109
55
76
100
161
60
460
112
180
100
145
251
150
100
345
44
190
30
251
245
100
72
180
230
54
316
55
48
169
39
54
50
118
90
115
48
385
71
30
318
30
125
100
220
90
66
50
219
115
78
50
415
109
145
120
24
136
120
75
64
80
130
71
84
159
140
295
50
100
239
158
46
80
65
109
50
460
299
54
98
190
55
129
84
190
105
24
100
50
140
100
89
150
400
42
60
151
395
40
161
109
136
245
55
174
35
71
109
127
62
190
71
134
96
60
109
278
30
145
130
48
71
170
96
148
42
100
43
75
180
143
300
300
190
145
64
71
350
190
120
60
109
60
130
125
50
115
179
42
169
55
79
255
90
136
159
150
350
100
161
53
60
64
60
186
359
289
129
255
120
54
51
48
360
251
51
60
35
60
136
69
100
215
71
120
51
147
75
251
161
100
76
136
80
120
51
145
138
165
199
145
65
42
50
100
180
39
199
79
109
75
40
96
166
400
90
150
120
37
127
71
100
90
98
100
72
140
109
150
180
750
54
100
180
44
54
90
47
71
180
60
37
60
109
199
150
102
289
90
130
46
320
55
96
145
100
80
50
257
96
599
84
125
109
130
116
136
100
50
145
100
150
60
379
230
205
115
89
111
105
100
42
305
120
136
48
51
550
46
100
251
129
350
183
73
145
125
30
100
35
25
550
109
180
90
87
75
80
350
215
145
120
100
238
55
130
155
125
100
130
66
46
48
244
109
100
60
161
298
65
130
75
75
29
120
168
50
120
145
80
125
119
112
400
100
55
140
180
120
39
46
55
80
55
30
62
84
120
349
199
345
226
180
75
35
48
375
130
166
245
39
127
150
100
194
109
71
186
150
90
140
119
100
190
126
80
55
190
60
120
47
72
150
150
98
150
100
399
199
84
145
120
83
150
100
245
140
251
150
98
100
109
399
251
145
174
60
80
150
108
60
84
109
235
215
324
120
50
65
125
80
80
105
212
550
65
199
46
159
130
80
71
210
109
141
599
114
400
65
120
29
60
134
100
90
198
130
199
375
125
239
161
30
87
109
105
60
90
251
75
108
35
89
46
140
699
161
170
100
84
239
119
60
186
399
100
75
75
40
35
800
75
46
213
155
65
60
37
145
30
90
123
100
190
144
100
96
275
100
159
82
550
80
151
800
100
190
198
150
115
83
129
150
65
150
100
150
65
53
248
50
46
220
150
295
199
251
48
96
125
228
48
100
130
40
120
107
114
68
120
118
155
209
509
71
96
125
80
62
109
40
46
186
40
60
97
120
75
55
53
136
170
71
118
115
180
136
165
180
150
148
119
91
60
44
50
46
120
114
75
94
50
177
100
36
50
210
46
155
150
125
65
71
227
55
275
143
150
271
140
170
150
127
90
150
350
115
61
109
136
87
100
221
50
226
76
159
90
251
120
239
50
125
33
179
159
172
180
114
84
89
50
136
460
170
140
195
100
60
145
181
599
140
199
150
107
190
79
80
150
35
40
105
190
46
190
289
89
90
35
109
150
93
174
73
98
80
179
300
115
84
140
48
500
46
130
50
100
143
300
150
150
2998
129
46
100
37
50
130
60
46
42
84
127
64
199
100
140
35
39
105
65
350
130
150
60
68
75
203
130
60
96
174
134
109
195
235
91
42
125
180
150
90
150
120
100
148
40
93
50
140
150
100
145
150
40
97
580
105
205
170
145
281
80
25
71
98
192
109
500
100
199
155
170
60
130
145
79
385
71
40
130
129
53
170
181
129
60
35
199
96
50
75
143
220
50
50
30
120
400
120
159
120
539
105
180
71
120
880
161
90
140
109
251
68
165
51
47
60
78
50
150
188
144
147
91
169
150
480
120
71
169
65
345
120
154
64
75
96
109
147
60
100
76
111
100
80
199
90
130
50
46
820
73
150
109
46
114
96
450
30
109
60
98
198
251
46
84
40
119
96
100
90
84
129
72
109
114
300
36
145
100
30
174
47
190
100
180
100
100
125
155
102
220
150
174
150
130
96
96
500
71
3400
150
71
79
100
219
550
136
71
150
69
50
280
80
580
71
100
79
75
220
100
890
360
228
220
111
80
80
125
147
161
96
55
444
60
186
84
251
186
144
150
120
239
800
159
170
199
179
71
104
100
140
65
39
132
43
400
64
150
66
75
50
129
91
295
415
400
64
78
50
138
125
150
114
269
100
500
60
190
100
60
48
120
119
100
96
96
82
120
29
37
109
150
35
205
60
150
230
86
75
125
90
299
90
90
84
125
140
119
350
155
76
150
251
69
100
89
119
75
147
68
96
228
188
138
168
60
275
100
120
419
599
140
130
170
158
800
186
100
120
114
35
300
35
109
536
75
210
89
224
100
148
150
150
65
89
161
35
90
190
75
100
277
60
100
100
180
47
54
84
78
120
150
280
65
118
55
80
84
90
50
64
80
109
47
100
80
162
246
84
136
79
165
55
150
60
69
700
161
64
100
140
80
48
109
599
94
36
61
199
138
60
137
40
80
60
150
165
55
42
188
57
120
35
399
75
170
599
130
190
80
109
33
109
80
168
150
98
100
109
29
90
71
90
82
60
251
50
40
25
137
145
109
50
96
260
300
40
199
130
39
155
127
165
35
321
199
350
199
251
60
115
55
320
120
80
84
84
46
101
118
25
154
100
130
109
71
210
58
170
80
89
100
118
220
150
150
195
120
40
300
129
90
180
132
46
150
100
120
109
69
199
35
210
89
198
109
40
120
71
100
62
100
100
285
40
65
150
39
30
112
60
100
2252
400
150
195
100
150
30
120
90
140
138
199
199
249
150
150
75
66
120
80
24
179
162
115
60
170
129
120
62
46
100
152
162
500
40
498
91
19
379
300
158
66
50
64
35
136
60
55
65
46
80
33
58
35
89
30
64
150
500
100
109
90
199
179
120
46
150
98
280
97
109
89
55
260
100
228
127
37
180
50
125
120
270
44
100
46
180
109
599
186
80
48
245
53
251
129
105
180
140
145
136
80
140
60
108
40
150
84
180
199
60
28
166
130
161
251
137
40
450
115
50
150
53
150
57
179
40
151
48
400
71
155
82
295
180
98
40
119
150
30
166
42
50
35
174
40
109
198
255
120
120
220
96
180
55
80
43
300
120
109
280
239
676
109
79
323
62
75
54
46
96
55
75
295
130
251
120
165
90
219
68
138
190
174
119
295
71
170
162
129
170
69
66
599
198
71
115
150
119
107
75
248
100
90
46
100
140
62
100
60
90
68
165
71
318
37
37
46
320
71
96
21
25
165
64
145
84
40
100
100
132
119
129
140
174
599
155
150
289
125
120
220
48
100
995
226
46
245
150
100
30
55
165
40
127
155
127
64
138
150
125
75
400
138
46
100
138
50
43
71
1800
100
148
130
58
120
60
140
65
37
127
115
188
269
320
112
65
165
145
96
90
60
91
46
220
155
118
46
220
71
174
150
280
40
251
65
100
130
165
46
65
50
30
186
71
40
61
55
75
100
91
163
61
118
138
165
174
60
30
299
100
50
60
71
125
580
101
80
96
75
129
120
89
46
100
161
150
46
500
90
46
69
150
100
275
300
163
89
450
280
62
150
496
100
50
245
120
76
300
148
125
199
299
112
120
50
150
151
148
65
35
79
260
43
97
71
60
107
130
159
295
60
65
73
161
30
75
25
300
325
275
100
140
130
78
130
100
100
145
89
30
500
136
115
170
444
90
251
75
80
120
75
150
180
140
78
280
50
140
400
64
150
47
140
42
332
82
109
100
120
150
118
188
140
82
140
136
35
119
251
195
84
561
155
119
300
115
295
180
100
60
154
163
280
109
165
71
66
105
125
75
145
50
125
203
145
180
249
999
109
91
48
215
48
280
138
132
84
145
130
55
65
68
96
40
82
40
76
136
180
130
245
180
60
180
82
109
130
53
37
170
130
100
90
219
198
132
150
566
410
161
289
170
125
450
25
60
120
42
76
76
98
300
156
50
136
150
60
155
30
127
169
130
138
55
120
75
325
96
140
100
100
350
125
89
60
100
180
136
1600
170
82
65
453
150
71
161
79
46
109
80
186
118
89
48
80
30
53
115
230
55
65
155
150
84
80
107
84
84
40
129
148
71
159
220
130
770
269
195
115
50
450
78
60
46
35
161
80
65
76
190
96
220
150
127
30
60
89
46
65
71
251
114
89
109
130
174
280
100
35
251
44
96
48
138
130
30
345
97
130
80
251
100
96
84
150
48
251
50
96
60
115
60
485
143
90
80
109
100
285
318
180
69
71
150
17
96
80
40
140
60
496
71
50
105
109
73
80
108
100
120
84
350
61
125
40
100
28
28
75
199
47
251
179
80
249
429
42
71
198
130
90
150
71
148
60
40
60
186
65
226
140
595
255
22
180
162
450
199
115
89
190
122
48
148
48
80
60
150
118
58
190
40
140
28
55
55
46
40
75
349
46
136
30
39
1501
100
71
46
120
78
80
249
280
71
125
251
84
75
400
96
125
102
199
75
75
125
42
50
98
37
25
96
145
192
190
140
140
55
450
90
190
50
150
78
300
161
46
109
150
29
55
108
60
25
155
48
150
48
260
2171
69
599
71
60
91
79
299
350
120
120
80
84
60
475
100
161
55
84
210
80
50
84
125
288
145
150
120
700
138
100
190
245
285
100
100
130
335
159
55
119
125
174
50
39
84
89
40
90
84
195
69
40
108
50
109
75
220
84
105
65
300
145
199
97
96
550
129
75
75
285
136
80
120
130
186
75
450
48
190
498
109
46
60
138
84
84
89
172
91
379
168
125
89
50
282
71
150
114
500
80
96
40
335
125
150
125
60
136
180
140
71
71
69
55
140
161
42
35
100
98
96
100
50
100
42
180
50
28
65
934
119
180
80
100
80
119
169
69
39
109
101
46
37
280
75
220
599
120
130
130
150
80
40
39
155
43
198
390
100
180
219
129
75
145
127
125
89
65
100
40
62
129
51
800
60
138
46
136
60
46
80
2445
64
50
120
127
62
130
80
180
120
90
275
75
71
46
40
159
80
100
50
199
259
55
180
80
145
105
169
136
180
96
159
195
213
60
60
75
91
100
40
190
82
130
71
130
75
109
71
159
55
109
174
280
651
116
100
199
28
80
120
50
60
50
999
400
195
199
199
168
170
19
58
199
120
161
55
50
395
161
66
55
65
90
220
120
145
65
89
220
89
130
130
498
150
180
46
170
30
71
40
140
28
50
76
329
65
19
750
39
35
90
140
109
251
90
143
395
84
120
195
25
130
550
54
169
159
400
83
105
101
184
71
35
1650
190
93
100
188
109
71
71
166
651
37
205
55
161
100
37
140
93
138
300
50
150
65
450
109
136
105
199
80
50
220
79
73
120
450
450
25
109
60
190
324
138
55
105
150
40
136
96
100
75
168
150
75
300
55
550
125
39
60
140
68
61
46
78
25
109
140
127
165
80
71
150
100
159
100
100
80
199
109
161
120
280
275
40
274
119
107
125
89
180
46
78
90
130
40
285
100
35
40
75
75
44
60
109
186
36
130
320
289
145
161
136
150
168
275
120
210
98
100
224
120
39
90
595
71
210
60
90
138
199
60
25
55
190
112
120
40
161
123
50
190
98
169
80
109
100
173
98
30
251
280
251
55
55
144
65
140
90
190
150
180
145
251
251
120
136
260
150
251
251
25
80
500
89
130
251
199
55
78
40
180
161
96
100
80
350
399
180
100
226
62
40
199
132
35
65
239
150
140
100
55
69
120
159
188
180
397
220
60
199
15
120
168
58
199
84
87
150
100
37
125
155
120
53
150
60
130
100
130
260
181
155
89
251
80
168
69
100
1232
90
109
50
120
100
35
100
161
130
90
84
130
1330
599
53
550
80
66
150
109
140
325
89
30
75
115
199
161
251
62
161
42
120
127
39
275
134
300
132
35
55
186
161
50
50
115
55
71
165
120
71
60
150
165
54
161
109
39
199
69
32
96
208
120
60
130
257
136
55
100
150
471
84
199
40
120
14
180
118
65
75
80
39
22
47
39
119
58
500
30
127
50
40
60
150
195
500
35
71
215
239
50
140
35
60
249
487
220
40
255
148
96
120
100
161
109
161
80
39
65
30
114
300
129
109
50
496
251
150
125
660
295
120
310
35
180
84
80
165
180
109
220
90
109
180
350
109
53
299
180
151
60
500
39
500
199
1101
75
50
130
230
300
65
109
100
50
55
100
40
100
115
84
65
50
93
120
100
100
199
60
379
255
305
115
329
136
109
136
425
165
100
368
100
140
50
136
28
96
46
127
199
71
84
136
114
48
215
65
126
76
64
275
239
84
65
122
84
161
300
75
60
150
25
3000
65
125
100
58
84
96
180
129
50
36
130
46
136
150
199
140
399
60
180
71
30
96
28
120
170
150
100
529
44
320
89
161
415
55
78
46
109
999
129
226
96
79
199
399
75
35
150
100
76
130
50
55
251
65
40
35
120
195
141
25
138
298
395
30
215
251
161
799
220
162
199
47
65
73
249
100
700
140
60
55
84
320
212
145
79
270
155
136
125
93
100
75
150
60
76
325
186
68
159
150
37
98
46
148
130
46
71
55
285
155
69
53
199
199
80
35
25
152
251
66
66
96
299
251
120
50
999
174
71
180
172
84
65
61
130
530
28
80
109
249
300
251
83
102
75
115
39
350
100
60
145
65
143
161
80
65
379
220
120
50
199
1501
150
122
136
60
130
62
75
120
69
60
84
60
84
140
104
35
48
300
199
80
320
115
159
192
115
46
100
120
51
169
251
76
150
60
133
57
186
174
100
264
120
174
130
100
174
75
26
199
50
130
138
29
60
199
199
48
159
40
136
249
71
18
180
174
136
179
80
40
450
98
136
800
199
249
46
65
100
174
96
136
51
150
150
79
180
50
120
100
161
53
75
174
100
150
166
120
48
138
138
35
65
65
90
199
109
120
30
316
150
100
176
50
251
109
170
145
199
197
190
158
180
251
180
118
280
60
120
71
174
206
199
181
161
50
65
320
37
105
130
198
75
136
35
50
80
150
109
42
148
71
25
116
90
25
199
91
120
75
60
35
165
71
130
120
40
39
220
150
163
130
180
239
130
288
125
999
199
305
155
50
50
30
199
116
84
125
220
116
150
100
120
100
65
100
300
96
71
100
71
350
208
40
44
50
239
186
179
120
84
100
79
60
46
90
100
108
48
125
123
80
159
150
93
60
60
100
280
180
114
130
325
61
75
129
138
161
138
60
55
165
105
93
35
82
84
159
80
172
100
75
136
46
280
61
132
1040
161
120
71
354
46
80
150
69
100
79
145
199
71
119
133
138
96
150
120
119
80
130
72
60
148
84
220
228
109
80
60
150
100
71
150
35
161
35
60
150
150
55
39
35
112
209
350
199
138
65
183
168
251
60
118
109
140
71
400
275
150
100
65
170
119
125
40
76
1955
60
84
105
109
71
115
999
599
500
100
84
130
100
150
320
37
617
138
84
271
109
590
150
190
275
55
50
109
145
40
65
84
251
84
187
36
251
60
90
190
940
100
150
60
43
145
228
100
190
300
115
150
150
80
96
140
73
55
143
147
651
71
400
199
80
100
188
35
50
109
71
75
980
130
78
161
75
300
64
120
89
199
120
109
80
220
120
150
115
46
35
450
145
195
25
125
19
40
48
96
32
44
800
199
165
60
80
275
199
147
50
84
305
96
39
143
40
109
39
22
109
651
680
125
244
109
96
125
199
86
105
235
96
105
136
100
80
58
100
190
198
114
147
152
90
130
180
150
174
80
60
165
120
100
127
186
130
102
199
150
138
127
278
100
24
145
65
219
65
307
161
46
125
280
48
100
30
400
98
55
500
96
220
60
68
40
136
180
150
55
300
120
465
130
120
65
40
96
143
50
179
90
165
90
161
35
39
60
900
29
120
120
78
80
226
80
150
130
188
71
35
150
219
120
190
188
46
165
75
55
53
65
161
119
48
89
150
246
226
109
100
75
145
150
46
129
150
89
80
100
180
725
599
55
40
83
329
120
144
251
46
100
50
22
145
123
215
136
808
199
500
350
107
50
71
199
75
28
350
90
100
96
46
140
42
96
100
80
40
2400
47
84
150
138
130
35
96
58
136
180
155
84
119
125
120
60
84
60
341
42
100
50
188
138
800
205
60
35
251
161
169
46
96
125
186
104
120
251
180
55
109
180
150
80
107
73
89
50
130
55
80
71
129
145
125
100
187
100
195
100
69
199
114
197
300
150
357
137
96
199
251
84
96
55
71
199
30
183
33
60
80
130
109
170
190
114
120
105
251
71
202
60
50
779
136
69
111
35
80
150
40
98
188
125
75
161
66
89
60
289
230
220
134
100
206
109
109
30
84
26
199
96
50
100
195
24
379
130
190
66
75
1020
79
90
150
46
226
65
100
180
120
40
262
46
60
75
125
115
150
65
280
130
130
115
90
90
60
118
599
96
125
75
161
43
60
150
55
102
84
138
32
134
75
44
194
130
148
125
329
138
96
140
163
264
150
130
228
125
251
90
71
400
66
125
163
89
130
251
150
65
37
150
75
80
37
473
145
120
100
82
79
300
50
586
53
35
55
105
100
65
450
251
76
46
71
170
50
57
50
50
100
96
58
60
145
145
90
127
197
84
80
120
84
140
226
180
120
28
150
53
251
60
136
260
450
50
53
35
280
120
100
84
280
119
129
100
100
58
115
89
30
251
46
60
60
109
102
100
298
109
170
651
100
138
500
199
108
35
151
71
100
96
255
150
80
100
43
150
47
138
109
150
54
96
123
120
55
40
73
100
100
58
109
151
356
125
152
100
239
96
310
138
446
190
770
90
39
98
42
400
141
150
91
197
862
84
199
109
170
96
109
165
150
150
219
26
114
347
199
65
65
90
120
50
84
115
1350
136
96
136
220
210
136
999
46
138
370
71
138
305
71
125
119
199
89
118
188
450
84
198
595
320
159
136
46
65
145
199
60
220
43
109
72
50
90
150
44
75
159
89
174
234
60
150
235
490
80
80
109
55
93
84
55
46
134
65
120
80
102
48
78
43
71
251
36
55
125
399
90
161
47
29
102
68
35
180
170
78
50
180
46
215
60
125
180
127
50
50
30
50
130
78
55
84
150
100
76
180
100
251
199
799
169
28
68
100
80
115
75
130
69
96
199
84
137
2475
251
120
195
150
199
151
136
35
180
419
96
40
37
75
39
115
60
130
285
150
192
46
150
50
96
96
118
450
150
120
84
55
140
100
37
50
89
199
125
186
105
385
55
60
350
75
71
150
50
379
100
136
48
109
251
78
66
89
65
84
172
170
80
64
100
136
220
68
78
599
150
150
55
300
345
150
55
97
921
199
73
900
150
55
129
48
155
82
55
60
109
91
100
42
40
96
179
100
150
299
180
108
170
699
35
100
84
199
65
599
71
239
197
115
94
84
170
71
129
42
50
226
66
73
55
75
65
550
30
300
118
140
180
150
180
165
53
100
89
57
90
100
60
50
116
850
64
100
480
125
90
55
199
96
50
50
145
32
180
26
109
186
400
155
130
197
60
119
46
100
100
260
132
166
75
419
138
161
55
150
260
82
96
199
100
120
80
174
48
90
179
399
1800
228
126
62
498
127
90
40
65
251
69
80
100
71
25
80
190
60
180
50
133
57
450
84
269
208
150
360
78
40
90
150
80
60
119
100
40
46
96
40
25
71
40
195
174
300
109
48
120
136
300
100
136
174
100
450
109
35
109
64
300
71
251
180
71
55
109
100
100
89
46
115
100
100
145
395
36
129
120
75
150
199
120
73
97
55
109
118
87
109
105
586
109
53
170
137
350
230
69
65
155
100
195
100
1402
120
84
220
35
60
251
78
48
100
84
66
53
90
550
42
275
48
143
695
55
199
50
112
165
120
399
170
57
55
129
40
83
28
69
150
54
155
35
100
280
30
138
104
150
150
57
180
125
188
30
199
21
136
100
1049
415
180
226
129
84
100
60
71
40
270
60
125
96
118
130
100
120
119
102
299
174
130
199
145
96
180
50
28
109
195
150
109
652
35
57
47
50
130
239
140
65
100
130
73
199
138
109
96
190
300
130
174
166
120
100
199
450
129
83
450
280
75
79
379
450
65
90
150
100
159
180
150
251
100
170
25
120
141
105
60
120
89
75
671
159
280
60
154
50
90
130
140
109
71
25
120
300
159
180
300
140
144
199
129
137
170
143
60
190
35
48
50
138
72
148
100
100
154
199
120
40
35
80
57
50
90
154
55
350
120
65
100
120
161
174
55
60
100
30
120
72
161
100
40
700
91
190
125
68
71
60
599
181
100
195
120
100
163
39
100
245
199
180
90
150
251
155
180
150
934
999
83
120
251
75
129
100
296
140
114
51
350
140
25
120
46
154
53
58
80
150
64
152
36
46
165
42
150
50
47
145
180
35
150
120
245
40
98
60
89
40
48
46
239
120
46
150
71
300
40
84
90
145
60
150
400
100
150
66
150
138
60
118
109
125
150
120
58
100
75
140
180
35
132
100
221
150
40
84
115
226
35
195
89
150
350
125
46
40
127
50
65
89
71
58
48
55
219
136
71
46
100
180
35
60
43
125
150
129
55
50
109
165
186
42
98
90
251
126
90
100
115
75
208
280
96
145
150
35
51
48
700
264
120
155
14
100
25
90
136
71
109
60
199
107
60
71
115
180
155
199
125
155
150
138
109
199
73
150
163
158
109
150
155
75
190
60
140
127
199
161
195
226
140
71
130
60
126
48
144
109
96
50
150
50
107
108
114
309
130
90
150
216
140
71
71
60
75
96
190
35
264
299
150
71
90
100
75
100
93
138
60
94
55
190
39
104
55
30
39
257
90
172
140
109
42
60
71
651
251
98
500
180
269
60
62
119
109
100
46
36
100
132
900
115
109
100
50
40
62
120
42
109
173
100
100
115
65
80
190
179
102
89
90
53
55
96
130
140
98
120
53
30
100
46
50
155
60
37
400
60
109
100
471
187
300
75
58
90
125
65
180
500
53
230
158
100
80
65
54
65
96
53
125
150
46
50
125
129
138
19
174
60
130
114
689
130
84
180
109
109
299
251
80
46
150
138
130
120
75
174
100
108
100
150
161
170
339
71
114
40
230
120
12
40
179
46
180
159
39
400
127
170
119
150
60
251
180
46
465
93
109
220
138
150
285
280
163
61
289
199
58
159
209
101
54
75
84
695
120
80
109
80
195
165
170
155
37
66
136
216
60
195
220
40
174
125
120
120
179
25
65
96
35
150
120
50
280
251
90
500
210
37
320
73
50
136
91
69
299
65
350
350
84
199
112
120
190
145
90
100
100
50
100
109
136
80
53
96
100
136
55
97
50
71
109
271
138
251
84
53
159
25
98
120
84
71
161
84
71
109
136
100
60
109
35
60
35
65
109
96
199
65
51
280
155
1200
100
100
383
161
100
150
84
109
72
288
100
35
125
72
35
75
75
138
79
55
129
115
71
61
79
300
120
150
155
162
80
140
40
125
109
30
137
65
186
599
90
100
100
100
55
465
199
138
289
130
53
90
60
210
79
108
71
180
150
100
450
60
120
145
100
150
65
251
190
161
109
55
84
220
285
53
190
127
65
48
125
112
471
79
1250
105
79
50
89
46
60
19
55
80
900
55
300
155
37
130
500
190
60
100
136
60
251
60
183
60
80
42
310
226
90
42
120
130
161
140
97
100
37
90
80
78
98
40
399
220
190
375
53
180
37
50
199
76
55
125
179
100
100
289
249
145
1049
199
270
100
50
140
165
188
120
89
84
199
75
29
130
35
109
199
47
58
40
138
50
264
500
161
109
145
305
55
90
199
50
30
96
269
199
102
89
280
449
150
180
180
400
80
140
100
37
46
280
102
220
350
180
66
65
599
50
115
90
190
112
118
46
80
150
80
96
300
96
30
228
100
109
47
98
190
98
109
195
1139
109
26
90
72
119
125
150
84
53
40
25
206
176
150
100
138
101
98
30
500
120
115
109
120
109
115
239
98
115
300
385
57
145
156
154
161
150
174
220
125
119
37
120
109
89
50
251
1024
140
161
138
90
251
150
150
102
339
109
299
130
60
108
172
136
98
75
100
109
134
118
119
166
166
35
69
60
40
90
80
65
79
199
65
138
120
130
132
87
251
150
170
140
498
195
55
130
115
119
68
100
125
53
180
150
140
599
105
145
199
130
120
251
32
341
40
40
199
119
156
30
109
22
100
33
161
1300
50
109
455
119
199
158
180
140
2000
105
25
60
50
44
80
55
251
179
100
197
90
109
120
134
65
140
133
350
150
53
199
46
150
80
145
65
84
251
100
100
25
86
199
159
68
100
60
150
148
120
71
150
136
138
40
190
199
69
300
260
174
300
71
30
300
114
58
65
115
100
228
220
65
127
199
60
115
64
138
251
25
100
140
83
66
136
109
127
130
180
180
120
80
199
199
65
138
100
87
102
119
145
104
75
90
140
40
150
1501
159
100
163
154
120
109
350
40
220
65
109
325
109
50
60
100
239
174
239
177
109
300
50
255
100
120
179
64
120
109
48
199
168
25
163
57
127
44
138
120
100
79
78
115
165
150
280
71
610
109
84
104
84
169
25
84
174
55
46
104
90
60
195
278
251
125
129
48
90
102
84
1200
66
55
170
450
140
199
143
60
325
71
39
500
150
199
89
60
84
125
26
260
50
140
30
399
227
60
150
55
170
69
61
71
1139
96
152
102
60
109
180
37
136
150
174
150
90
239
129
168
155
125
161
235
96
65
174
239
47
25
75
291
109
219
50
179
60
100
125
75
46
115
300
251
186
150
50
140
170
251
96
65
60
251
105
80
83
96
29
40
58
50
180
289
46
47
140
69
156
60
1449
46
40
82
251
48
90
71
57
251
251
101
53
119
450
58
300
316
37
148
199
300
140
100
130
60
180
104
120
51
130
100
90
21
150
154
53
65
249
102
195
450
120
40
66
129
180
190
50
50
114
251
71
51
159
109
53
129
150
101
140
69
199
46
28
96
275
71
120
269
127
179
89
166
80
130
190
55
46
150
68
69
40
111
71
226
180
46
111
80
75
138
179
150
289
109
71
50
75
84
96
71
181
96
145
125
90
71
80
94
48
408
60
999
233
46
80
75
120
60
119
395
155
80
114
129
116
108
471
118
43
35
42
68
251
120
180
1200
30
122
91
115
165
127
80
150
62
100
181
35
60
181
40
50
120
199
50
300
174
130
159
999
260
44
50
65
96
50
62
170
48
289
109
138
174
299
40
150
33
159
109
80
51
350
180
350
40
89
46
64
109
30
1996
65
170
75
134
188
71
180
251
651
58
155
125
129
280
152
150
71
125
599
90
125
125
48
118
120
120
120
599
350
180
150
450
285
120
72
150
46
51
100
186
100
161
50
120
251
100
449
150
161
118
35
79
320
100
105
150
150
84
180
199
22
39
102
115
71
169
150
111
375
140
180
148
100
100
69
699
30
98
566
91
65
195
190
55
100
84
120
221
25
60
89
87
100
145
699
278
359
37
75
60
75
199
251
100
150
800
245
251
50
75
136
119
125
145
180
172
161
109
100
39
100
226
43
230
25
345
80
40
30
66
89
105
46
40
53
108
48
599
249
399
57
145
96
40
120
86
161
671
299
159
100
186
37
100
180
239
199
350
150
46
96
75
180
100
75
150
109
130
80
144
127
190
114
75
50
199
55
96
65
18
300
195
82
69
61
275
150
130
24
174
71
54
50
150
251
80
96
150
50
150
850
165
305
100
114
599
58
100
109
130
100
104
40
107
125
150
84
60
108
75
120
35
102
30
419
65
119
40
55
400
89
43
46
50
150
69
82
300
90
130
50
68
60
180
165
68
354
116
96
96
48
37
50
46
136
170
75
195
96
50
73
54
30
180
150
138
66
75
84
102
50
150
71
109
82
115
24
198
165
145
80
150
109
109
119
100
64
40
65
105
125
125
50
58
136
199
40
159
60
199
199
180
60
190
50
60
251
245
199
100
75
150
169
181
150
96
60
220
60
172
130
199
550
125
125
91
138
90
83
100
300
350
119
228
161
140
140
108
155
165
50
155
199
425
118
150
150
60
180
190
111
69
125
96
19
300
80
199
100
300
115
148
30
109
100
199
940
60
100
120
112
105
360
109
71
136
66
55
48
100
42
527
71
50
80
80
35
154
68
60
55
145
195
46
130
450
71
249
300
179
84
140
147
100
143
695
46
275
140
280
109
75
251
65
199
55
24
300
46
71
179
295
75
245
120
60
65
42
140
50
136
130
40
25
120
120
134
100
50
100
75
145
163
30
69
65
33
220
69
39
48
39
40
170
93
60
180
89
750
168
651
37
140
150
46
40
150
161
136
42
96
100
280
71
174
270
60
96
100
80
346
37
251
35
109
120
138
450
71
100
170
55
519
37
288
255
109
161
174
220
84
264
130
150
53
71
116
55
150
80
100
190
25
42
180
51
125
118
155
500
71
65
46
300
40
86
35
120
35
98
251
710
109
46
140
55
180
188
138
215
50
75
199
169
161
80
68
60
80
30
192
127
199
50
32
120
80
251
109
55
399
115
60
60
68
71
349
108
100
475
130
35
245
71
109
50
109
68
46
60
251
651
540
251
100
100
82
150
280
295
35
80
400
100
230
400
1899
115
40
999
50
40
98
170
80
199
150
125
69
150
86
169
40
431
90
155
251
150
199
140
169
145
80
48
140
170
180
71
138
71
145
90
300
138
96
69
46
48
144
42
68
75
55
90
100
19
30
130
60
37
46
98
114
209
40
100
136
251
96
65
161
130
78
125
732
80
28
100
234
51
100
145
130
109
115
180
35
97
500
50
58
180
289
375
30
125
180
65
35
50
75
90
93
62
140
65
169
115
120
73
90
161
150
120
239
40
109
199
100
60
199
959
98
71
84
28
120
65
58
30
36
75
82
53
183
100
109
299
60
130
199
71
269
75
150
98
100
300
161
120
46
25
140
100
96
96
55
150
84
136
101
850
48
228
123
595
400
138
79
79
156
213
150
109
140
96
170
237
120
47
102
107
120
68
150
60
80
89
159
100
119
82
199
71
55
109
122
180
71
55
109
130
230
215
84
93
46
89
50
190
190
65
55
109
150
127
108
400
298
50
300
295
235
498
144
50
91
109
245
269
116
105
96
170
46
80
140
150
54
136
91
199
150
199
25
251
230
125
300
29
329
150
47
100
199
251
109
80
190
69
663
172
295
114
46
84
350
170
136
40
73
46
89
199
150
68
176
119
199
649
385
64
100
498
43
1550
136
150
300
64
46
105
255
750
150
80
136
141
130
118
109
999
375
55
80
150
251
100
60
118
220
120
48
40
40
350
50
136
78
100
55
83
46
399
109
199
82
140
1250
165
150
71
288
73
83
46
138
50
120
100
209
166
43
76
150
19
138
251
190
40
270
100
188
226
174
125
141
197
169
105
269
80
40
24
120
150
65
180
48
138
130
50
75
161
24
80
155
161
399
165
100
118
71
165
129
125
60
138
71
55
48
46
134
75
145
100
125
170
424
109
161
120
129
144
190
195
500
159
136
100
215
60
60
120
118
50
174
71
220
84
147
159
109
36
40
40
136
251
165
119
118
129
84
161
75
100
109
54
150
140
65
28
48
100
60
64
89
46
105
289
94
84
230
120
47
249
100
141
620
123
97
90
64
80
84
96
130
199
30
46
199
300
86
136
80
65
118
57
100
84
57
170
525
35
220
127
40
100
195
199
138
55
169
89
125
58
125
28
251
350
125
329
161
96
148
163
68
78
186
96
186
50
120
155
96
80
150
219
130
50
69
180
100
75
46
150
90
174
120
145
187
71
109
150
46
65
251
120
165
65
35
199
161
75
44
122
120
155
100
125
62
90
100
30
30
143
64
145
350
65
150
19
79
161
100
71
100
220
179
80
198
73
118
190
55
96
71
120
97
130
100
130
119
180
360
249
130
125
126
90
79
370
140
46
184
100
43
150
129
46
220
239
280
35
168
60
55
66
55
198
50
35
84
127
80
50
78
120
90
161
109
60
48
89
33
170
150
40
159
138
109
96
145
96
55
226
617
145
39
71
118
46
90
174
150
158
280
96
219
29
140
174
109
100
75
98
98
180
55
120
148
226
109
71
1188
161
84
165
170
119
109
119
120
300
39
349
170
136
599
114
120
89
71
169
55
230
65
120
65
132
100
190
46
60
80
199
220
80
60
100
75
138
130
120
170
109
46
105
75
69
220
143
47
150
174
123
112
118
219
100
130
107
190
39
71
76
100
349
150
71
161
120
150
199
154
132
120
361
138
100
180
48
349
66
100
75
65
90
100
55
161
71
50
37
65
100
39
154
90
154
226
60
269
35
84
145
188
140
260
161
40
125
199
158
75
46
125
89
220
60
129
84
89
100
651
109
39
120
80
54
58
60
190
169
96
80
159
29
419
90
130
115
660
96
35
75
100
60
40
100
251
30
425
145
140
50
80
55
30
96
251
98
89
105
100
107
96
180
159
379
100
90
199
100
226
125
150
400
199
136
50
100
40
84
379
350
150
100
109
84
150
199
199
109
150
80
100
152
80
71
46
79
129
60
190
60
58
109
400
100
249
199
345
174
46
145
251
168
55
71
179
80
65
80
55
300
147
114
285
300
80
399
145
195
35
47
100
269
90
90
120
40
385
300
65
180
46
100
53
125
130
96
155
199
96
140
130
40
325
58
100
150
84
138
101
199
90
195
498
285
150
230
126
199
30
69
105
24
545
163
50
295
205
55
80
54
150
65
90
98
136
28
71
226
239
78
37
71
78
101
100
125
65
80
180
161
375
174
50
78
50
84
125
90
140
180
60
249
84
46
280
93
251
150
186
46
155
46
75
80
50
71
40
168
37
46
47
75
140
90
130
199
210
154
37
186
60
60
251
79
174
75
120
150
329
300
37
60
55
71
60
73
119
58
156
80
90
199
190
46
48
130
40
140
48
94
68
228
60
65
69
89
84
148
50
72
190
180
86
105
84
170
120
122
39
195
109
109
100
65
150
158
125
60
108
1717
125
257
150
133
161
75
100
40
150
66
100
35
129
199
55
55
116
84
161
155
104
140
161
55
100
25
140
50
372
251
150
82
62
84
120
35
75
125
40
150
161
90
169
71
65
40
150
66
150
71
140
84
69
271
150
129
60
150
150
219
47
100
80
280
96
46
30
30
48
105
120
186
35
195
65
58
190
116
199
150
120
336
239
40
100
198
120
55
79
599
65
119
58
60
289
84
180
89
50
50
75
500
127
37
226
73
87
109
159
651
71
42
190
251
186
120
97
143
138
199
150
118
109
198
28
46
100
186
98
132
399
48
60
60
145
86
119
145
180
84
150
44
46
109
150
80
120
138
109
150
60
114
251
140
79
65
130
150
125
120
37
210
170
100
195
109
118
349
199
152
152
46
172
150
161
154
599
150
161
120
109
109
349
199
140
50
130
350
66
71
599
57
50
199
40
55
130
60
40
65
75
80
84
100
161
87
215
40
190
69
109
30
228
150
150
190
28
190
102
166
120
192
107
76
158
30
46
280
138
40
100
199
80
100
89
141
140
138
190
120
150
136
260
100
651
54
143
109
260
100
130
84
161
60
60
105
90
112
350
71
161
100
90
100
75
379
54
289
89
109
93
28
98
199
58
138
114
60
270
100
102
120
180
30
84
145
220
60
339
35
48
100
158
170
190
90
40
60
245
138
145
100
48
71
44
75
65
120
350
158
58
145
226
48
599
96
100
30
161
370
55
112
80
46
145
390
60
197
12
32
138
145
138
89
150
145
278
60
60
80
54
120
80
60
60
150
120
260
105
130
35
136
90
109
107
148
71
251
119
105
78
91
170
199
35
35
44
161
37
60
71
188
159
199
125
150
46
75
100
177
159
161
269
39
50
190
109
68
80
163
269
300
100
100
100
98
195
48
120
75
100
130
32
395
195
50
306
280
199
399
109
80
130
39
60
174
96
65
100
199
150
54
109
60
136
69
165
96
55
102
100
90
75
161
138
180
120
28
90
155
84
40
116
60
46
195
50
105
215
55
100
1501
37
30
168
96
174
48
69
100
148
71
181
80
100
78
100
120
100
60
50
50
46
120
199
100
84
341
120
118
140
251
60
245
60
97
300
300
84
50
96
71
100
89
280
199
176
55
35
251
50
199
118
58
96
140
145
120
120
79
84
57
251
150
75
159
115
37
150
104
66
39
26
30
71
400
80
105
80
50
100
127
78
1501
400
251
260
199
80
100
55
161
51
300
107
118
161
127
80
60
140
105
100
161
140
215
165
119
46
159
109
60
125
100
50
79
127
115
136
80
75
100
140
76
50
132
119
161
180
69
130
89
155
127
186
100
66
82
91
55
98
109
289
168
198
50
89
87
251
65
150
145
102
65
125
140
150
98
40
190
180
260
155
154
48
60
168
96
39
65
150
140
42
30
220
37
100
150
71
245
136
136
62
84
100
498
40
130
46
55
109
130
60
30
50
190
75
65
50
129
100
55
299
42
50
60
96
161
180
150
199
55
25
120
465
54
251
109
79
96
150
140
96
76
60
96
55
180
195
60
249
150
42
174
109
46
210
50
320
66
125
120
39
150
55
58
90
132
212
120
251
220
400
150
40
55
46
50
145
40
150
119
199
150
115
129
125
116
109
161
60
165
159
150
79
65
109
35
190
100
80
132
119
150
65
130
150
46
100
130
120
55
71
79
299
40
109
71
829
84
750
230
84
251
40
50
60
35
91
105
55
271
64
129
199
285
150
165
84
280
150
80
125
890
80
46
100
100
257
226
40
150
148
300
199
71
90
89
71
50
112
220
71
161
76
89
450
71
40
199
120
163
37
245
140
100
107
75
42
140
46
375
300
190
150
80
129
73
96
170
197
119
150
80
300
130
150
14
35
150
40
300
145
350
50
210
105
209
359
84
300
109
84
79
251
60
127
37
199
150
136
208
46
37
136
46
60
390
119
65
450
50
270
120
100
47
150
50
138
73
190
150
145
40
150
39
130
55
96
89
69
91
75
47
50
150
174
359
138
239
100
159
180
60
140
216
115
195
100
48
50
199
109
78
199
1395
46
150
114
138
165
150
40
42
419
71
71
60
90
150
76
71
150
120
80
46
100
136
35
100
205
98
84
120
69
150
220
100
129
150
40
89
50
150
50
130
100
46
168
80
55
35
174
195
500
80
700
32
120
251
150
150
125
129
251
300
80
90
66
140
89
145
64
75
130
53
28
37
115
100
230
48
145
115
80
100
150
299
115
140
140
350
180
14
46
334
109
100
100
60
130
140
170
50
395
71
55
251
98
136
40
179
251
750
140
190
251
138
399
230
30
48
55
119
100
46
400
150
100
40
120
133
260
180
60
71
129
100
270
78
26
210
18
180
599
251
50
89
150
136
84
100
305
174
65
300
22
55
100
120
150
50
37
165
136
53
119
73
40
460
161
80
120
100
90
90
138
120
44
100
186
89
55
130
120
145
199
18
40
48
197
100
75
35
100
100
165
170
28
25
115
350
37
150
71
136
39
125
300
120
138
199
109
140
90
145
140
145
180
48
180
100
30
71
136
118
150
161
150
180
180
37
55
107
275
90
83
65
46
107
299
37
84
84
100
46
300
169
125
48
55
138
60
150
138
300
80
100
35
100
71
190
73
220
46
50
186
28
79
100
125
80
108
109
136
156
228
28
180
100
75
65
42
68
48
179
179
80
159
155
84
850
251
141
120
90
90
90
750
120
136
165
100
599
168
93
30
109
161
35
68
115
35
114
40
30
120
96
80
150
162
125
140
50
90
80
96
350
35
109
65
60
190
109
140
190
109
50
350
96
73
174
130
566
60
100
19
55
150
19
145
25
46
90
71
109
251
40
25
159
75
75
210
84
350
30
150
180
132
148
130
53
140
100
145
80
500
76
199
90
30
159
78
199
44
116
145
32
60
150
64
115
46
145
525
75
40
288
40
150
53
69
78
208
80
58
120
370
299
90
239
65
199
125
249
220
50
130
100
98
55
71
119
84
40
100
150
209
50
350
173
161
71
65
40
30
399
132
109
89
111
30
138
385
98
150
71
48
55
450
125
80
150
71
150
104
500
195
136
129
141
199
159
50
50
80
120
125
280
179
203
90
136
108
198
150
35
50
109
150
125
226
35
90
119
285
50
150
100
109
35
60
165
46
119
159
90
60
36
60
96
66
48
271
195
165
199
251
138
138
159
221
75
46
39
80
35
251
163
298
55
400
50
199
120
100
168
192
100
246
60
39
100
165
199
150
80
161
199
100
55
48
100
75
125
130
82
109
120
90
150
119
150
66
100
65
84
65
180
60
129
50
30
138
50
127
98
155
199
50
100
65
87
180
180
71
329
120
293
199
130
33
161
150
300
199
48
305
46
66
84
136
96
35
24
150
138
96
170
80
100
140
169
50
109
100
345
100
100
174
100
999
50
264
119
700
145
150
300
89
750
251
62
143
300
60
79
48
120
115
96
190
80
84
120
109
80
148
55
260
46
226
130
251
69
599
120
100
100
97
71
180
198
251
35
94
150
150
350
35
80
174
75
30
120
275
60
169
30
150
145
25
50
161
55
91
120
105
89
71
220
84
120
190
192
30
40
161
450
109
390
60
120
500
140
127
198
109
39
150
40
145
109
48
75
60
360
127
120
40
57
150
199
40
450
44
71
150
100
48
65
37
130
60
71
140
550
130
48
65
140
140
248
141
60
129
226
30
235
100
350
60
145
101
46
599
40
37
87
24
180
270
150
119
46
130
76
138
199
161
161
375
50
40
50
50
299
150
55
80
100
60
115
89
120
155
174
50
170
53
100
120
115
208
195
108
199
100
19
87
138
251
65
71
100
107
96
80
159
84
75
25
238
230
71
50
180
100
30
228
96
100
100
900
50
170
80
37
65
42
120
30
40
109
161
100
130
169
55
68
161
60
220
161
198
230
84
75
130
71
40
150
68
115
119
150
241
69
42
226
199
350
220
249
169
69
159
40
166
60
150
220
278
155
155
98
119
179
30
141
226
220
105
220
155
150
90
47
96
109
100
199
119
100
90
161
125
999
136
400
96
50
120
65
174
100
174
42
219
25
46
155
46
109
29
138
96
79
65
161
220
498
400
251
120
165
120
66
170
170
68
150
96
104
105
260
100
195
60
300
50
48
133
100
144
220
129
130
32
90
107
100
62
53
80
46
287
199
84
75
65
150
55
50
529
55
239
138
112
155
72
82
150
500
93
29
90
180
65
109
46
71
159
108
125
39
91
169
651
140
80
35
300
145
155
251
97
280
75
450
119
104
123
71
180
100
269
80
210
251
79
115
100
145
300
209
80
136
109
114
136
249
159
69
44
150
155
170
120
84
400
150
90
129
94
400
123
62
80
69
275
251
169
125
159
50
119
60
60
174
93
199
60
126
84
651
165
96
98
65
75
127
249
50
80
138
150
73
190
46
100
150
100
100
179
100
155
84
100
90
285
104
174
50
184
109
150
84
170
150
150
30
500
50
120
199
105
150
54
93
75
138
80
145
251
71
119
125
80
138
233
226
260
150
80
120
35
155
39
233
91
100
24
80
84
71
89
132
150
55
379
